8.892125 -3.183644 -0.766539
19.79174 -3.924272 -0.557373
34.646824 0.593258 -0.640409
30.041098 -4.630964 0.150168
43.569881 -0.257335 -0.462214
30.169155 4.205287 -0.699091
6.179481 6.595141 -0.849653

8.272836 -3.17936 -0.773559
19.153096 -3.913396 -0.590561
33.970438 0.624408 -0.676236
29.382978 -4.600574 0.134127
42.945552 -0.2349 -0.529865
29.490738 4.231192 -0.7493
5.451997 6.616657 -0.865962

7.653548 -3.175077 -0.780579
18.514452 -3.90252 -0.623749
33.294052 0.655558 -0.712062
28.724859 -4.570184 0.118085
42.321222 -0.212466 -0.597515
28.812322 4.257098 -0.79951
4.724513 6.638173 -0.882272

7.034259 -3.170793 -0.787598
17.875808 -3.891643 -0.656937
32.617666 0.686708 -0.747889
28.06674 -4.539794 0.102044
41.696892 -0.190032 -0.665166
28.133906 4.283004 -0.849719

6.414971 -3.166509 -0.794618
17.239028 -3.869209 -0.662766
31.941281 0.717858 -0.783716
27.40862 -4.509404 0.086002
41.07633 -0.14904 -0.665773
27.49059 4.291265 -0.838441

5.795682 -3.162225 -0.801637
16.602249 -3.846775 -0.668594
31.316492 0.74726 -0.79
26.750501 -4.479014 0.069961
40.455768 -0.108048 -0.66638
26.847275 4.299525 -0.827162

5.176394 -3.157942 -0.808657
15.965469 -3.824341 -0.674422
30.691704 0.776663 -0.796284
26.092382 -4.448624 0.053919
39.835207 -0.067056 -0.666986
26.203959 4.307786 -0.815884

4.557105 -3.153658 -0.815676
15.328689 -3.801907 -0.680251
30.066916 0.806065 -0.802569
25.434262 -4.418234 0.037878
39.214645 -0.026065 -0.667593
25.560643 4.316046 -0.804606

3.937817 -3.149374 -0.822696
14.69191 -3.779472 -0.686079
29.407012 0.838592 -0.785926
24.776143 -4.387844 0.021836
38.594083 0.014927 -0.6682
24.921923 4.361281 -0.814627

3.318528 -3.145091 -0.829716
14.05513 -3.757038 -0.691907
28.747108 0.871118 -0.769283
24.118024 -4.357454 0.005795
37.973522 0.055919 -0.668807
24.283202 4.406517 -0.824648

2.699239 -3.140807 -0.836735
13.418351 -3.734604 -0.697735
28.087204 0.903645 -0.75264
23.459904 -4.327064 -0.010247
37.35296 0.096911 -0.669414
23.644481 4.451752 -0.834669

2.079951 -3.136523 -0.843755
12.781571 -3.71217 -0.703564
27.463096 0.954326 -0.769012
22.801785 -4.296674 -0.026289
36.732398 0.137903 -0.67002
23.005761 4.496987 -0.844691

12.144792 -3.689736 -0.709392
26.838987 1.005008 -0.785383
22.172841 -4.290585 -0.031782
40.188006 -5.886498 -0.415657
36.111837 0.178895 -0.670627
22.36704 4.542222 -0.854712

11.508012 -3.667301 -0.71522
26.214878 1.05569 -0.801755
21.543897 -4.284496 -0.037276
39.597487 -5.813704 -0.470063
35.405499 0.247317 -0.7
21.728319 4.587458 -0.864733

10.871232 -3.644867 -0.721049
25.590769 1.106371 -0.818127
20.93471 -4.217873 -0.048791
39.006969 -5.740909 -0.524469
34.699161 0.31574 -0.729372
21.089599 4.632693 -0.874754

10.234453 -3.622433 -0.726877
24.96666 1.157053 -0.834499
20.325523 -4.151251 -0.060306
38.41645 -5.668115 -0.578875
33.992824 0.384163 -0.758745
16.735889 -4.364292 -0.538275
20.436829 4.692695 -0.88626

9.597673 -3.599999 -0.732705
24.342551 1.207735 -0.850871
19.716336 -4.084628 -0.07182
37.829719 -5.545607 -0.541378
33.286486 0.452585 -0.788117
16.135833 -4.305908 -0.533446
19.784059 4.752696 -0.897766

8.960894 -3.577565 -0.738533
23.714864 1.287141 -0.850508
19.107149 -4.018005 -0.083335
37.242988 -5.4231 -0.503881
32.631238 0.57321 -0.770599
53.964496 -6.541536 -0.40268
15.535778 -4.247525 -0.528617
19.131289 4.812698 -0.909272

8.381413 -3.557479 -0.742826
23.087176 1.366547 -0.850145
18.497963 -3.951382 -0.094849
36.655322 -5.301749 -0.530649
31.975989 0.693834 -0.75308
53.390405 -6.36526 -0.3838
14.935722 -4.189141 -0.523789
18.478519 4.8727 -0.920778

7.801932 -3.537394 -0.747118
22.459488 1.445952 -0.849782
17.888776 -3.884759 -0.106364
36.067656 -5.180398 -0.557417
31.320741 0.814458 -0.735562
52.816314 -6.188984 -0.364919
14.335666 -4.130757 -0.51896
17.825749 4.932702 -0.932284

7.222451 -3.517308 -0.751411
21.831801 1.525358 -0.849419
17.279589 -3.818136 -0.117879
35.47999 -5.059047 -0.584185
30.724997 0.945676 -0.743546
52.272245 -5.995171 -0.438355
13.735611 -4.072374 -0.514131
17.201743 4.994199 -0.937848

6.64297 -3.497222 -0.755703
21.204113 1.604764 -0.849056
16.670402 -3.751513 -0.129393
34.892323 -4.937696 -0.610952
30.129254 1.076894 -0.75153
51.703631 -5.763784 -0.45123
13.135555 -4.01399 -0.509302
16.577736 5.055697 -0.943412

6.063489 -3.477137 -0.759996
20.576426 1.68417 -0.848693
16.090406 -3.688995 -0.134733
34.304837 -4.768776 -0.583569
29.53351 1.208112 -0.759514
22.424587 -4.005369 -0.69478
51.135018 -5.532397 -0.464105
12.535499 -3.955606 -0.504473
15.953729 5.117194 -0.948975

5.484009 -3.457051 -0.764288
19.948738 1.763576 -0.84833
15.51041 -3.626477 -0.140073
33.717351 -4.599856 -0.556185
28.937767 1.33933 -0.767498
21.812807 -3.914478 -0.705967
50.566405 -5.301009 -0.476979
11.935443 -3.897223 -0.499644
15.329723 5.178691 -0.954539

4.904528 -3.436966 -0.768581
19.367742 1.875592 -0.864926
14.930413 -3.563958 -0.145412
33.129865 -4.430936 -0.587535
28.342023 1.470548 -0.775483
21.201028 -3.823587 -0.717154
49.997792 -5.069622 -0.489854
11.362322 -3.843186 -0.495539
14.705716 5.240189 -0.960102

4.325047 -3.41688 -0.772873
18.786745 1.987609 -0.881521
14.350417 -3.50144 -0.150752
32.542378 -4.262016 -0.618885
27.746279 1.601766 -0.783467
20.589249 -3.732696 -0.728341
49.429179 -4.838234 -0.502729
10.789201 -3.78915 -0.491434
14.08171 5.301686 -0.965666

3.745566 -3.396795 -0.777165
18.205749 2.099626 -0.898117
13.770421 -3.438921 -0.156091
31.954892 -4.093096 -0.650235
27.150536 1.732984 -0.791451
19.97747 -3.641805 -0.739528
48.861001 -4.631925 -0.505326
10.216079 -3.735114 -0.48733
13.457703 5.363183 -0.971229

3.166085 -3.376709 -0.781458
17.624753 2.211642 -0.914712
13.237675 -3.374317 -0.157054
31.394656 -3.945441 -0.617496
26.554792 1.864202 -0.799435
19.365691 -3.550914 -0.750715
48.292823 -4.425617 -0.507922
9.642958 -3.681078 -0.483225
12.833696 5.42468 -0.976793

2.586605 -3.356624 -0.78575
17.043756 2.323659 -0.931308
12.704929 -3.309713 -0.158017
30.83442 -3.797786 -0.584757
25.959048 1.99542 -0.807419
18.753912 -3.460023 -0.761902
47.724207 -4.215981 -0.47681
9.069837 -3.627041 -0.47912
12.20969 5.486178 -0.982357

2.007124 -3.336538 -0.790043
16.440957 2.361345 -0.932383
12.172183 -3.245109 -0.15898
30.274183 -3.650132 -0.552019
25.37745 2.100678 -0.799468
18.142132 -3.369132 -0.773089
47.15559 -4.006344 -0.445697
8.496715 -3.573005 -0.475015
11.622623 5.525113 -0.990373

1.427643 -3.316453 -0.794335
15.838158 2.39903 -0.933458
11.639438 -3.180504 -0.159943
29.713947 -3.502477 -0.51928
24.795852 2.205936 -0.791516
17.530353 -3.278242 -0.784276
46.586974 -3.796708 -0.414585
7.923594 -3.518969 -0.47091
11.035557 5.564047 -0.998389

15.235359 2.436716 -0.934534
11.106692 -3.1159 -0.160906
29.152383 -3.392568 -0.51576
24.214254 2.311194 -0.783564
16.918574 -3.187351 -0.795463
46.018358 -3.587072 -0.383472
7.350473 -3.464933 -0.466805
10.44849 5.602982 -1.006406

14.657811 2.494227 -0.972425
10.547538 -3.067219 -0.193191
28.590375 -3.261665 -0.604992
23.632852 2.428045 -0.858349
16.306795 -3.09646 -0.80665
45.447733 -3.389228 -0.509483
6.807157 -3.461061 -0.506939
9.861424 5.641917 -1.014422

14.080262 2.551738 -1.010316
9.988384 -3.018537 -0.225476
28.028367 -3.130762 -0.694224
23.05145 2.544897 -0.933135
15.695016 -3.005569 -0.817837
44.877109 -3.191383 -0.635495
6.263842 -3.45719 -0.547072
9.274358 5.680852 -1.022438

13.502714 2.60925 -1.048207
9.42923 -2.969856 -0.257761
27.466359 -2.99986 -0.783456
22.470049 2.661748 -1.00792
15.083236 -2.914678 -0.829024
44.306484 -2.993539 -0.761506
5.720527 -3.453318 -0.587206
8.687291 5.719787 -1.030455

12.925165 2.666761 -1.086099
8.870076 -2.921174 -0.290046
26.90435 -2.868957 -0.872688
21.887729 2.735982 -1.039131
14.471457 -2.823787 -0.840211
43.73586 -2.795694 -0.887517
5.177212 -3.449446 -0.62734
8.100225 5.758721 -1.038471

12.347617 2.724272 -1.12399
8.310922 -2.872493 -0.322331
26.342342 -2.738054 -0.96192
21.30541 2.810215 -1.070342
13.91451 -2.769802 -0.87546
43.165235 -2.59785 -1.013529
4.633897 -3.445575 -0.667473
7.513158 5.797656 -1.046487

11.772212 2.765442 -1.066158
7.758985 -2.856304 -0.312541
25.784261 -2.660806 -0.853716
20.723705 2.912065 -0.972947
13.357563 -2.715818 -0.910709
42.58956 -2.452393 -0.837043
4.090582 -3.441703 -0.707607
6.926092 5.836591 -1.054504

11.196808 2.806612 -1.008326
7.207049 -2.840116 -0.302751
25.22618 -2.583559 -0.745512
20.142 3.013914 -0.875552
12.776569 -2.662088 -0.862671
42.013884 -2.306937 -0.660558
6.339025 5.875526 -1.06252

10.621403 2.847782 -0.950493
6.655112 -2.823927 -0.292961
24.668099 -2.506311 -0.637308
19.563156 3.064282 -0.79819
12.195575 -2.608359 -0.814633
41.438209 -2.161481 -0.484072
75.433994 -8.44783 0.750844

10.068483 2.891184 -0.911229
6.103176 -2.807738 -0.283171
24.110018 -2.429063 -0.529104
18.984313 3.114651 -0.720828
11.614581 -2.55463 -0.766595
40.862534 -2.016024 -0.307586
74.896074 -8.259022 1.055124

9.515563 2.934587 -0.871965
5.551239 -2.791549 -0.273381
23.552959 -2.373126 -0.484431
18.405469 3.165019 -0.643466
11.033587 -2.500901 -0.718558
40.282262 -1.923321 -0.179585
74.358154 -8.070214 1.359404

8.962643 2.97799 -0.8327
4.999303 -2.77536 -0.263591
22.9959 -2.317189 -0.439757
17.826626 3.215388 -0.566104
10.50089 -2.488095 -0.714113
39.70199 -1.830617 -0.051584
73.820235 -7.881406 1.663684

8.409723 3.021393 -0.793436
4.447366 -2.759172 -0.253801
22.438842 -2.261252 -0.395084
17.275618 3.246227 -0.58905
9.968192 -2.475288 -0.709669
39.121718 -1.737913 0.076417
73.279231 -7.75384 1.644932

7.858358 3.01093 -0.836432
3.89543 -2.742983 -0.24401
21.884181 -2.218756 -0.445073
16.724611 3.277067 -0.611996
9.435495 -2.462482 -0.705225
38.621241 -1.703091 -0.021213
72.738227 -7.626274 1.626181

7.306992 3.000467 -0.879428
3.330551 -2.740839 -0.253307
21.329521 -2.17626 -0.495062
16.17423 3.284795 -0.677031
8.903186 -2.46494 -0.748119
38.120764 -1.668269 -0.118844
72.177197 -7.632222 1.268682

6.755627 2.990004 -0.922424
2.765672 -2.738694 -0.262603
20.779558 -2.228755 -0.635828
15.623849 3.292523 -0.742066
8.370878 -2.467397 -0.791012
37.577091 -1.727405 -0.424382
71.616166 -7.638169 0.911184

6.204261 2.979541 -0.965421
2.200793 -2.73655 -0.271899
20.229596 -2.281249 -0.776594
15.091728 3.269434 -0.860213
7.83857 -2.469855 -0.833906
37.033418 -1.786541 -0.72992
71.118972 -7.727197 0.422988

5.652896 2.969078 -1.008417
1.635914 -2.734406 -0.281195
19.679634 -2.333744 -0.917359
14.559607 3.246344 -0.978361
7.271967 -2.482871 -0.883654
36.569685 -1.840597 -0.945956
70.621778 -7.816225 -0.065208

5.115822 2.963108 -0.99672
1.071035 -2.732261 -0.290491
19.088464 -2.342223 -0.848096
14.007787 3.213363 -0.944021
6.705364 -2.495888 -0.933402
36.009997 -1.889578 -0.813693
69.947832 -7.899203 -0.187693

4.578748 2.957139 -0.985022
0.506156 -2.730117 -0.299787
18.497295 -2.350702 -0.778832
13.455967 3.180382 -0.909681
6.120732 -2.50942 -0.900644
35.450309 -1.938558 -0.681431
69.383538 -8.007415 0.219998

4.041675 2.951169 -0.973325
-0.058722 -2.727973 -0.309084
17.906125 -2.359181 -0.709568
12.903479 3.165774 -0.844211
5.536101 -2.522951 -0.867886
34.890621 -1.987538 -0.549169
68.819244 -8.115626 0.627689

3.504601 2.945199 -0.961628
17.314955 -2.36766 -0.640305
12.350991 3.151166 -0.77874
4.951469 -2.536483 -0.835128
34.330933 -2.036519 -0.416907
68.25495 -8.223837 1.03538

2.967527 2.939229 -0.949931
16.723786 -2.376139 -0.571041
11.798503 3.136558 -0.713269
4.366838 -2.550014 -0.80237
33.771245 -2.085499 -0.284644
67.703956 -8.277832 1.133445

2.430454 2.93326 -0.938234
16.162954 -2.414229 -0.610042
11.22442 3.102525 -0.684716
3.805612 -2.565393 -0.811066
33.201596 -2.131246 -0.30905
67.152961 -8.331827 1.231511

1.89338 2.92729 -0.926537
15.602122 -2.45232 -0.649043
10.649786 3.084515 -0.735914
3.244386 -2.580772 -0.819762
32.631947 -2.176994 -0.333457
66.537136 -8.45007 1.046724

15.04129 -2.49041 -0.688044
10.074966 3.072049 -0.789813
2.68316 -2.596152 -0.828457
32.006421 -2.198644 -0.47572
65.921311 -8.568313 0.861937

14.479639 -2.497862 -0.735819
9.500146 3.059584 -0.843711
31.380894 -2.220295 -0.617984
65.29849 -8.595801 0.514154

13.917987 -2.505314 -0.783594
8.924898 3.059182 -0.845448
30.755367 -2.241946 -0.760248
64.675669 -8.623288 0.166372

13.356336 -2.512766 -0.83137
8.349649 3.05878 -0.847184
30.208897 -2.235568 -0.727151
64.095433 -8.628664 0.126516

12.754797 -2.503989 -0.817089
7.774401 3.058379 -0.848921
29.662427 -2.229191 -0.694054
63.515197 -8.63404 0.086661

12.153258 -2.495212 -0.802809
7.167053 3.025036 -0.821641
29.115957 -2.222814 -0.660958
62.977887 -8.575907 0.254256

11.551719 -2.486436 -0.788529
6.559374 3.006813 -0.85263
28.569487 -2.216436 -0.627861
62.440577 -8.517774 0.421851

10.950422 -2.492928 -0.794422
5.951694 2.98859 -0.883618
27.939958 -2.221998 -0.674748
61.809641 -8.582234 0.295517

10.349125 -2.49942 -0.800315
5.344014 2.970367 -0.914607
27.310428 -2.227561 -0.721635
61.178705 -8.646694 0.169183

9.747828 -2.505912 -0.806208
4.77624 2.979355 -0.922314
26.680898 -2.233123 -0.768523
60.54777 -8.711154 0.042848

9.11292 -2.534734 -0.779753
4.208467 2.988343 -0.930021
26.05972 -2.307401 -0.709378
59.929945 -8.877598 0.26045

8.478012 -2.563557 -0.753297
3.640694 2.997331 -0.937728
25.438541 -2.38168 -0.650234
59.31212 -9.044042 0.478052

7.843105 -2.592379 -0.726841
3.07292 3.00632 -0.945435
24.817363 -2.455959 -0.59109
58.694296 -9.210487 0.695654

7.208197 -2.621201 -0.700385
2.505147 3.015308 -0.953142
24.179575 -2.539586 -0.529141
58.076471 -9.376931 0.913256

6.556945 -2.652329 -0.731548
1.937374 3.024296 -0.960849
23.539924 -2.642357 -0.641796
57.33631 -9.558902 0.639632

5.905694 -2.683458 -0.762711
22.900274 -2.745128 -0.75445
56.596149 -9.740872 0.366009

5.254443 -2.714586 -0.793874
22.257525 -2.806778 -0.748833
55.96044 -9.966114 0.262851

4.603191 -2.745714 -0.825036
21.614775 -2.868427 -0.743215
55.324732 -10.191355 0.159694

3.95194 -2.776842 -0.856199
20.972026 -2.930077 -0.737598
54.62741 -10.357052 0.278668

3.318056 -2.775553 -0.845431
20.329277 -2.991727 -0.73198
53.930088 -10.522749 0.397642

2.684172 -2.774264 -0.834663
19.686527 -3.053376 -0.726363
53.232767 -10.688445 0.516617

2.050288 -2.772975 -0.823895
19.043778 -3.115026 -0.720745
52.535445 -10.854142 0.635591

1.416404 -2.771686 -0.813127
18.348208 -3.186136 -0.67203
51.838123 -11.019839 0.754566

17.652638 -3.257247 -0.623315
51.140802 -11.185536 0.87354

17.000678 -3.316868 -0.66339
50.479649 -11.370126 0.671382

16.348718 -3.376488 -0.703466
21.640033 -3.998895 -0.612953
49.818496 -11.554716 0.469223

15.696758 -3.436109 -0.743541
20.975863 -4.048338 -0.653179
26.812495 -4.844214 -0.586863
49.157343 -11.739306 0.267065

15.044798 -3.49573 -0.783616
20.311692 -4.097782 -0.693404
26.077838 -4.939854 -0.561071
48.470001 -11.901995 0.376414

14.377759 -3.532574 -0.749548
19.647521 -4.147225 -0.73363
25.343181 -5.035494 -0.535278
47.782659 -12.064684 0.485762

13.710721 -3.569418 -0.71548
18.9837 -4.190348 -0.688536
24.614027 -5.084698 -0.450479
47.095318 -12.227374 0.59511

13.043682 -3.606262 -0.681412
18.319878 -4.233472 -0.643443
23.884872 -5.133903 -0.365681
46.407976 -12.390063 0.704459

12.376644 -3.643106 -0.647345
17.656057 -4.276595 -0.598349
23.155718 -5.183108 -0.280883
45.770492 -12.44796 0.836825

11.713139 -3.644022 -0.663797
16.992235 -4.319718 -0.553255
22.602529 -5.215627 -0.301748
45.043866 -12.431834 0.924708

11.049635 -3.644937 -0.68025
16.350755 -4.298252 -0.594801
22.04934 -5.248147 -0.322613
44.430289 -12.472856 0.726599

10.405439 -3.657594 -0.746064
15.709275 -4.276787 -0.636347
21.382878 -5.274451 -0.425025
43.816712 -12.513878 0.52849

9.761243 -3.670251 -0.811879
15.067794 -4.255321 -0.677893
20.716417 -5.300755 -0.527438
43.203134 -12.5549 0.330381

9.118027 -3.659909 -0.817092
14.426314 -4.233856 -0.719439
20.070971 -5.257342 -0.537351
42.579246 -12.472479 0.306583

8.47481 -3.649568 -0.822306
13.784834 -4.21239 -0.760985
19.425525 -5.213929 -0.547265
41.955359 -12.390058 0.282785

7.831594 -3.639227 -0.82752
13.143353 -4.190924 -0.802531
18.780079 -5.170516 -0.557178
41.331471 -12.307636 0.258987

7.188377 -3.628886 -0.832733
12.501873 -4.169459 -0.844078
18.133309 -5.092082 -0.580115
40.723127 -12.100233 0.202887

6.552185 -3.598799 -0.847475
11.843388 -4.100137 -0.845744
17.486539 -5.013648 -0.603051
40.114784 -11.892829 0.146788

5.915993 -3.568712 -0.862218
11.184904 -4.030815 -0.84741
16.839768 -4.935214 -0.625987
39.506441 -11.685426 0.090688

5.279801 -3.538626 -0.87696
10.52642 -3.961494 -0.849076
16.192998 -4.856779 -0.648924
38.898097 -11.478022 0.034588

4.64361 -3.508539 -0.891702
9.867935 -3.892172 -0.850742
15.540608 -4.744631 -0.634244
25.958155 -7.18372 -0.594984
38.328892 -11.218348 0.072922

4.007418 -3.478453 -0.906444
9.209451 -3.822851 -0.852409
14.888219 -4.632482 -0.619565
25.349021 -6.978203 -0.579443
37.759687 -10.958675 0.111256

3.371226 -3.448366 -0.921186
8.550967 -3.753529 -0.854075
14.235829 -4.520334 -0.604886
24.739888 -6.772686 -0.563902
37.190481 -10.699001 0.149591

7.892482 -3.684207 -0.855741
13.58344 -4.408185 -0.590207
24.130754 -6.567169 -0.548361
36.621276 -10.439328 0.187925

7.267893 -3.652866 -0.865066
12.942146 -4.325094 -0.616511
23.505631 -6.411882 -0.579225
36.00575 -10.213886 0.11997

6.643303 -3.621526 -0.874391
12.300853 -4.242003 -0.642815
22.880508 -6.256596 -0.610089
35.390225 -9.988444 0.052015

6.018714 -3.590185 -0.883716
11.659559 -4.158911 -0.66912
22.255384 -6.101309 -0.640954
34.774699 -9.763003 -0.01594

5.394124 -3.558844 -0.89304
11.018266 -4.07582 -0.695424
21.630261 -5.946023 -0.671818
34.159174 -9.537561 -0.083895

4.769535 -3.527503 -0.902365
10.369635 -4.008601 -0.693042
20.980886 -5.823963 -0.620094
33.545068 -9.335782 0.001114

4.144945 -3.496162 -0.91169
9.721004 -3.941381 -0.690661
20.331511 -5.701904 -0.56837
32.930962 -9.134003 0.086124
14.926982 -4.385245 -0.935555

3.520356 -3.464821 -0.921015
9.072373 -3.874161 -0.688279
19.729269 -5.589424 -0.566319
32.316857 -8.932225 0.171133
14.242226 -4.333808 -0.910128

2.895766 -3.43348 -0.93034
8.423742 -3.806942 -0.685897
19.081685 -5.482305 -0.568298
31.698661 -8.741893 0.151187
13.55747 -4.282372 -0.8847

2.271177 -3.402139 -0.939665
7.758331 -3.776328 -0.692518
18.434101 -5.375186 -0.570276
31.080465 -8.551561 0.131241
12.872714 -4.230935 -0.859273

1.646587 -3.370798 -0.94899
7.092921 -3.745715 -0.699138
17.786517 -5.268067 -0.572255
30.462269 -8.361229 0.111296
12.187957 -4.179498 -0.833845

6.427511 -3.715101 -0.705758
17.138933 -5.160948 -0.574233
29.844073 -8.170897 0.09135
11.559682 -4.153865 -0.842131

5.762101 -3.684487 -0.712378
16.491349 -5.053829 -0.576212
29.194869 -8.040781 0.132893
10.931407 -4.128231 -0.850418

5.122244 -3.657257 -0.723138
15.846842 -4.983324 -0.550641
28.545665 -7.910665 0.174436
10.303132 -4.102597 -0.858704

4.482387 -3.630028 -0.733898
15.202335 -4.91282 -0.52507
27.896461 -7.780549 0.215979
9.674857 -4.076964 -0.86699

3.842531 -3.602798 -0.744658
14.557454 -4.844315 -0.527963
27.268595 -7.669959 0.180406
9.046583 -4.05133 -0.875276
25.481342 -7.201191 0.325553

3.202674 -3.575568 -0.755418
13.912572 -4.77581 -0.530856
26.640728 -7.55937 0.144832
8.418308 -4.025696 -0.883562
24.937077 -7.17121 0.25489

2.562817 -3.548338 -0.766178
13.267691 -4.707305 -0.533749
26.012862 -7.44878 0.109259
7.75293 -3.973858 -0.880096
24.392813 -7.14123 0.184228

1.92296 -3.521108 -0.776938
12.62281 -4.638801 -0.536642
25.444398 -7.349807 0.088577
7.087552 -3.92202 -0.876631
23.848548 -7.111249 0.113565

12.007723 -4.601509 -0.579824
24.875934 -7.250835 0.067896
6.422174 -3.870182 -0.873165
23.304283 -7.081268 0.042902

11.392636 -4.564217 -0.623007
24.30747 -7.151863 0.047215
5.756796 -3.818343 -0.869699
22.65727 -6.97496 0.082172

10.77755 -4.526926 -0.587154
23.677813 -7.02362 0.120372
5.091418 -3.766505 -0.866233
22.010258 -6.868652 0.121442

10.162463 -4.489634 -0.551301
23.048156 -6.895377 0.19353
4.42604 -3.714667 -0.862767
21.363245 -6.762345 0.160712

9.547376 -4.452343 -0.515448
22.4185 -6.767133 0.266688
36.258651 -8.817254 0.234109
20.716232 -6.656037 0.199982

8.936218 -4.400542 -0.557551
21.821032 -6.642689 0.194575
35.39107 -8.403654 0.090697
20.095914 -6.564341 0.12026

8.325061 -4.348742 -0.599655
21.223565 -6.518245 0.122462
34.523489 -7.990053 -0.052715
19.475596 -6.472645 0.040539

7.713903 -4.296941 -0.641758
20.626098 -6.393801 0.05035
33.695775 -7.589031 -0.206345
18.8901 -6.382091 -0.028055

7.102745 -4.245141 -0.683861
20.016447 -6.306378 -0.079412
32.868062 -7.188009 -0.359975
18.304603 -6.291537 -0.096649

6.491588 -4.19334 -0.725965
19.431164 -6.144913 -0.093876
31.989546 -6.618971 -0.472294
17.774937 -6.134057 -0.166312

5.88043 -4.14154 -0.768068
18.865004 -5.95882 -0.165553
31.11103 -6.049934 -0.584613
17.245271 -5.976577 -0.235974

5.269272 -4.08974 -0.810172
18.298844 -5.772726 -0.237231
30.254898 -5.555751 -0.679677
16.715605 -5.819097 -0.305636

4.704395 -4.021688 -0.81164
17.745922 -5.572804 -0.16974
29.383368 -4.989824 -0.576817
16.175721 -5.630267 -0.245035

4.139517 -3.953637 -0.813108
17.192999 -5.372882 -0.10225
28.511838 -4.423897 -0.473956
15.635837 -5.441436 -0.184434

3.574639 -3.885585 -0.814576
16.640076 -5.17296 -0.034759
27.640308 -3.857969 -0.371096
15.095954 -5.252606 -0.123833

3.009762 -3.817534 -0.816045
16.085206 -4.989902 -0.047196
26.730468 -3.349691 -0.417931
14.536315 -5.092855 -0.159944

2.444884 -3.749482 -0.817513
15.530335 -4.806844 -0.059632
25.820627 -2.841412 -0.464767
13.976676 -4.933103 -0.196054

14.975465 -4.623786 -0.072069
24.910787 -2.333134 -0.511602
13.417038 -4.773352 -0.232165

14.420595 -4.440728 -0.084505
23.995231 -1.921951 -0.533061
12.921261 -4.640953 -0.217134

13.865725 -4.25767 -0.096942
23.079675 -1.510767 -0.554521
12.425485 -4.508553 -0.202103

13.320097 -4.127666 -0.128194
22.164118 -1.099584 -0.575981
11.929708 -4.376154 -0.187072

12.774469 -3.997662 -0.159446
21.248562 -0.6884 -0.59744
11.329743 -4.235834 -0.218776

12.228841 -3.867657 -0.190698
20.306384 -0.368147 -0.641073
10.729779 -4.095513 -0.25048

11.683213 -3.737653 -0.221951
19.364206 -0.047893 -0.684706
10.129814 -3.955193 -0.282185

11.137585 -3.607649 -0.253203
18.422028 0.27236 -0.728339
9.529849 -3.814873 -0.313889

10.591957 -3.477644 -0.284455
17.476123 0.532381 -0.708217
8.929884 -3.674553 -0.345593

10.046053 -3.390804 -0.262888
16.530217 0.792402 -0.688094
8.399792 -3.63485 -0.343973

9.50015 -3.303964 -0.241322
15.097911 -4.0896 -0.768026
15.584312 1.052423 -0.667971
7.8697 -3.595148 -0.342353

8.954246 -3.217124 -0.219755
14.621363 -4.008789 -0.753596
14.663436 1.234232 -0.657272
7.339609 -3.555445 -0.340732

8.408343 -3.130283 -0.198189
14.144816 -3.927977 -0.739166
13.742561 1.416041 -0.646573
6.809517 -3.515743 -0.339112

7.857192 -3.089308 -0.222367
13.668268 -3.847166 -0.724736
12.821685 1.597849 -0.635874
6.279425 -3.47604 -0.337491

7.306041 -3.048332 -0.246546
12.971957 -3.783306 -0.703843
11.897025 1.696151 -0.694826
5.749333 -3.436338 -0.335871

6.754891 -3.007356 -0.270724
12.399246 -3.733114 -0.705513
10.972366 1.794453 -0.753779
5.219241 -3.396635 -0.33425

6.201358 -3.008874 -0.314599
11.826536 -3.682921 -0.707182
10.047706 1.892755 -0.812732
4.689149 -3.356933 -0.33263

5.647826 -3.010391 -0.358474
11.253826 -3.632729 -0.708852
9.123047 1.991057 -0.871685
4.159058 -3.31723 -0.331009

5.114305 -2.98401 -0.344044
10.681116 -3.582537 -0.710522
8.205449 2.069173 -0.864017

4.580785 -2.957628 -0.329615
10.108406 -3.532344 -0.712192
7.28785 2.147288 -0.856349

4.047264 -2.931247 -0.315185
9.535696 -3.482152 -0.713862
30.643397 -12.301881 -0.15687
6.370252 2.225404 -0.848681

3.513743 -2.904866 -0.300755
8.962986 -3.43196 -0.715531
30.156866 -12.154886 -0.10807
5.452654 2.30352 -0.841012

2.980223 -2.878484 -0.286325
8.390276 -3.381767 -0.717201
29.670335 -12.007891 -0.059269
4.535056 2.381635 -0.833344

2.455392 -2.859917 -0.298939
7.866729 -3.34121 -0.710651
14.410144 -5.854042 -0.554127
29.183804 -11.860896 -0.010469
23.582575 -13.599726 -0.151075
3.617457 2.459751 -0.825676

1.930561 -2.841349 -0.311554
7.343181 -3.300653 -0.704101
13.877468 -5.760362 -0.574424
28.697273 -11.713901 0.038331
23.110693 -13.464997 -0.124072
32.123197 -15.205385 0.222468

1.40573 -2.822782 -0.324168
6.819634 -3.260095 -0.697551
13.344792 -5.666682 -0.594721
28.235102 -11.56369 -0.042108
22.63881 -13.330269 -0.09707
31.692126 -15.041045 0.095902